test loss: 0.244191, test accuracy: 0.950150
              precision    recall  f1-score   support

           0     0.9405    0.9617    0.9510       444
           1     0.5769    0.9615    0.7212        78
           2     0.3750    0.5000    0.4286         6
           3     0.7857    0.9167    0.8462        12
           4     0.9949    0.9602    0.9772      3265
           5     0.5778    0.6842    0.6265        38
           6     0.8214    1.0000    0.9020        46
           7     0.8295    0.8874    0.8575       444

    accuracy                         0.9502      4333
   macro avg     0.7377    0.8590    0.7888      4333
weighted avg     0.9579    0.9502    0.9527      4333

Restored model from save_model_dir\TextCNN-epoch-50-emb-20-comb01\. loss: 0.2287, accuracy: 95.02%
              precision    recall  f1-score   support

           0     0.9443    0.9550    0.9496       444
           1     0.5556    0.9615    0.7042        78
           2     0.3750    0.5000    0.4286         6
           3     0.8462    0.9167    0.8800        12
           4     0.9930    0.9620    0.9773      3265
           5     0.6047    0.6842    0.6420        38
           6     0.8070    1.0000    0.8932        46
           7     0.8409    0.8806    0.8603       444

    accuracy                         0.9502      4333
   macro avg     0.7458    0.8575    0.7919      4333
weighted avg     0.9579    0.9502    0.9527      4333
