test loss: 0.262670, test accuracy: 0.946919
              precision    recall  f1-score   support

           0     0.9467    0.9595    0.9530       444
           1     0.5390    0.9744    0.6941        78
           2     0.3333    0.5000    0.4000         6
           3     0.7857    0.9167    0.8462        12
           4     0.9949    0.9547    0.9744      3265
           5     0.5952    0.6579    0.6250        38
           6     0.7077    1.0000    0.8288        46
           7     0.8330    0.8986    0.8646       444

    accuracy                         0.9469      4333
   macro avg     0.7169    0.8577    0.7733      4333
weighted avg     0.9571    0.9469    0.9501      4333

Restored model from save_model_dir\TextCNN-epoch-50-emb-20-comb01\. loss: 0.2383, accuracy: 94.00%
              precision    recall  f1-score   support

           0     0.9447    0.9617    0.9531       444
           1     0.5821    1.0000    0.7358        78
           2     0.1200    0.5000    0.1935         6
           3     1.0000    0.5833    0.7368        12
           4     0.9961    0.9452    0.9700      3265
           5     0.5814    0.6579    0.6173        38
           6     0.7544    0.9348    0.8350        46
           7     0.7814    0.9099    0.8408       444

    accuracy                         0.9400      4333
   macro avg     0.7200    0.8116    0.7353      4333
weighted avg     0.9540    0.9400    0.9446      4333
