test loss: 0.266353, test accuracy: 0.953150
              precision    recall  f1-score   support

           0     0.9426    0.9617    0.9521       444
           1     0.6303    0.9615    0.7614        78
           2     0.3000    0.5000    0.3750         6
           3     0.5714    1.0000    0.7273        12
           4     0.9956    0.9639    0.9795      3265
           5     0.6053    0.6053    0.6053        38
           6     0.7931    1.0000    0.8846        46
           7     0.8393    0.8941    0.8659       444

    accuracy                         0.9532      4333
   macro avg     0.7097    0.8608    0.7689      4333
weighted avg     0.9598    0.9532    0.9553      4333

Restored model from save_model_dir\TextCNN-epoch-50-emb-20-comb01\. loss: 0.2690, accuracy: 95.25%
              precision    recall  f1-score   support

           0     0.9425    0.9595    0.9509       444
           1     0.6148    0.9615    0.7500        78
           2     0.3000    0.5000    0.3750         6
           3     0.5714    1.0000    0.7273        12
           4     0.9956    0.9629    0.9790      3265
           5     0.6053    0.6053    0.6053        38
           6     0.7931    1.0000    0.8846        46
           7     0.8397    0.8964    0.8671       444

    accuracy                         0.9525      4333
   macro avg     0.7078    0.8607    0.7674      4333
weighted avg     0.9596    0.9525    0.9547      4333
