test loss: 0.259407, test accuracy: 0.956150
              precision    recall  f1-score   support

           0     0.9597    0.9662    0.9630       444
           1     0.6068    0.9103    0.7282        78
           2     0.2308    0.5000    0.3158         6
           3     0.8333    0.8333    0.8333        12
           4     0.9931    0.9694    0.9811      3265
           5     0.5814    0.6579    0.6173        38
           6     0.8333    0.9783    0.9000        46
           7     0.8587    0.8896    0.8739       444

    accuracy                         0.9562      4333
   macro avg     0.7371    0.8381    0.7766      4333
weighted avg     0.9621    0.9562    0.9583      4333

Restored model from save_model_dir\BiLSTM-TextCNN-epoch-30-emb-20-comb01\. loss: 0.3301, accuracy: 91.16%
              precision    recall  f1-score   support

           0     0.9570    0.8514    0.9011       444
           1     0.4387    0.8718    0.5837        78
           2     0.1379    0.6667    0.2286         6
           3     0.0000    0.0000    0.0000        12
           4     0.9961    0.9348    0.9644      3265
           5     0.3571    0.6579    0.4630        38
           6     0.4479    0.9348    0.6056        46
           7     0.7252    0.8559    0.7851       444

    accuracy                         0.9116      4333
   macro avg     0.5075    0.7216    0.5664      4333
weighted avg     0.9389    0.9116    0.9208      4333
