test loss: 0.298091, test accuracy: 0.915070
              precision    recall  f1-score   support

           0     0.8257    0.9279    0.8738       444
           1     0.5000    0.7564    0.6020        78
           2     0.0000    0.0000    0.0000         6
           3     0.2500    0.0833    0.1250        12
           4     0.9841    0.9455    0.9644      3265
           5     0.2667    0.1053    0.1509        38
           6     0.5246    0.6957    0.5981        46
           7     0.7415    0.8333    0.7847       444

    accuracy                         0.9151      4333
   macro avg     0.5116    0.5434    0.5124      4333
weighted avg     0.9197    0.9151    0.9155      4333

Restored model from save_model_dir\TextCNN-epoch-50-emb-20-comb01\. loss: 0.2981, accuracy: 91.51%
              precision    recall  f1-score   support

           0     0.8257    0.9279    0.8738       444
           1     0.5000    0.7564    0.6020        78
           2     0.0000    0.0000    0.0000         6
           3     0.2500    0.0833    0.1250        12
           4     0.9841    0.9455    0.9644      3265
           5     0.2667    0.1053    0.1509        38
           6     0.5246    0.6957    0.5981        46
           7     0.7415    0.8333    0.7847       444

    accuracy                         0.9151      4333
   macro avg     0.5116    0.5434    0.5124      4333
weighted avg     0.9197    0.9151    0.9155      4333
